                                                            
                                                            
                                                            
                                                            
                                                            
                                                            
                                                            
                       [0;1;31;91;41m8[0m                                    
                      [0;33;41mt[0;32;40m:[0;33;41mt[0m                                   
                     [0;30;41m%[0;32;40m:[0;31;40m.[0;32;40m;[0m                                   
                     [0;1;30;90;40m@[0;33;5;40;100m [0;1;31;91;43m8[0;37;5;43;103mS[0;31;43mX[0m                  [0;31;5;40;100m@[0;1;30;90;43m8[0;1;31;91;41mX[0;32;40m:[0;34;40m [0;1;31;91;41m@[0;33;41mX[0m         
                    [0;33;41mt[0;33;5;40;100m [0;37;5;47;107m [0;37;5;43;103mSS[0;33;41m8[0m              [0;31;40m;[0;1;37;97;47m [0;1;30;90;47mXX[0;1;37;97;47mt[0;1;33;93;47m8[0;31;40m.[0;34;40m.[0;32;40m.[0;30;41mX[0m          
                    [0;1;30;90;47m8[0;37;5;47;107mt:[0;33;5;43;103m [0;1;33;93;43m:[0;33;5;43;103m;[0;33;5;40;100m%[0;35;5;40;100m%[0;33;5;40;100m%[0;34;5;40;100m%[0;33;5;40;100m%[0;30;5;40;100m@[0;31;40mS[0m   [0;33;5;40;100m@[0;35;5;40;100mt[0;1;30;90;47mt[0;37;5;47;107mS[0;1;37;97;47m8[0;37;5;47;107m;[0;33;5;43;103m [0;37;5;43;103m@[0;33;5;43;103m.[0;31;43m8[0;31;40m;[0;34;40m.[0m            
                    [0;33;5;40;100m:[0;37;5;43;103m8[0;33;5;41;101m [0;37;5;47;107m [0;1;33;93;47m@[0;1;35;95;47m8[0;1;37;97;47m;[0;37;5;47;107m:;[0;1;37;97;47m8[0;37;5;43;103mS8[0;1;33;93;43mX[0;1;30;90;43m8%%[0;1;33;93;47m@[0;1;37;97;47m8[0;37;5;43;103mS[0;37;5;47;107mS[0;33;5;43;103m .;[0;37;5;43;103m@[0;33;41m8[0;1;30;90;41mX[0m              
                   [0;33;41mS[0;1;33;93;47mS[0;37;5;47;107m;.tX[0;37;5;43;103m@88X[0;33;5;43;103m [0;37;5;43;103m8SS[0;33;5;43;103m:t[0;37;5;43;103m@[0;33;5;43;103m  [0;37;5;43;103mX[0;33;5;43;103m ;[0;37;43m@[0;33;5;43;103m:[0;1;30;90;41m8[0m       [0;33;5;40;100mt[0;1;37;97;47mS8[0;34;5;40;100m%[0m     
                  [0;30;41m%[0;31;43mt[0;1;33;93;47m@[0;37;5;47;107mS[0;37;5;43;103m%[0;33;5;43;103m [0;37;5;43;103mSS%%S[0;33;5;43;103m [0;1;30;90;43m8@[0;1;33;93;43m:[0;37;5;43;103m8@[0;33;5;43;103m.[0;33;47m8[0;33;5;43;103m .[0;33;47m8[0;33;5;43;103m [0;33;41m8[0;34;40mX[0m       [0;1;30;90;40m8[0;1;30;90;47m8[0;37;5;47;107m%.t[0;33;5;40;100m.t8[0m  
                 [0;34;40m [0;1;30;90;47mt[0;33;5;40;100m:[0;1;31;91;43m8[0;33;5;43;103m [0;37;5;43;103m8S[0;33;5;43;103m [0;1;31;91;5;43;103m8[0;37;5;43;103m@[0;33;5;43;103m [0;1;31;91;43m8[0;31;5;40;100m@[0;1;30;90;47mt[0;31;5;40;100m8[0;30;41m8[0;1;30;90;43mX[0;33;5;43;103m:[0;33;47m8[0;1;31;91;5;43;103mX[0;37;5;43;103m8[0;31;43m8[0;1;30;90;41m@[0;30;41m@[0m        [0;34;40m:[0;33;5;40;100m [0;37;5;47;107m ;[0;37;5;43;103mS[0;37;5;47;107m;[0;37;5;43;103mt[0;1;37;97;47m8[0;1;33;93;47mX[0;1;30;90;43mS[0;31;40mt[0m
                 [0;31;40m8[0;32;40mt[0;31;40m8[0;1;30;90;43m8[0;37;5;43;103mS[0;33;5;43;103m [0;1;30;90;43m8[0;37;5;43;103m8X[0;33;5;43;103m [0;1;33;93;47m8[0;33;5;43;103m.[0;31;40m8t[0;34;40m:[0;31;40mt[0;33;5;40;100m8[0;33;5;43;103m:[0;37;5;43;103mXS[0;33;5;43;103m [0;37;5;43;103m8[0;33;5;43;103mt[0;31;40m@[0m       [0;34;40m [0;37;5;47;107m8 [0;37;5;43;103m%[0;33;5;43;103m:[0;37;5;47;107m8[0;33;5;43;103m [0;37;5;47;107m@[0;1;37;97;5;43;103m8[0;37;5;43;103m%[0;33;5;43;103mt[0;31;40m@[0m
                [0;33;41mX[0;33;5;43;103m%[0;1;30;90;43m8[0;33;5;43;103m%[0;37;5;43;103mX[0;33;5;43;103m.[0;1;33;93;47m8[0;1;31;91;43m8[0;33;5;43;103m.[0;1;33;93;47m8[0;1;31;91;5;43;103m8[0;37;5;43;103m@XX[0;1;30;90;43mXS[0;1;33;93;43mX[0;33;5;43;103m;[0;31;5;41;101mt[0;33;5;41;101m;[0;37;5;43;103mX[0;33;5;43;103m.[0;33;47m8[0;33;5;43;103m [0;33;5;41;101m%[0;1;30;90;41mS[0m     [0;34;40m [0;1;30;90;43m%[0;1;33;93;47m8[0;37;5;43;103m88[0;33;5;43;103m.:[0;37;5;43;103m@[0;33;5;43;103m .[0;37;43m@[0;1;30;90;41mX[0m 
                [0;31;40mt[0;31;5;41;101mS[0;37;5;43;103mXS[0;1;30;90;43m@[0;1;30;90;41mX[0;1;33;93;43m%[0;1;30;90;41m8[0;31;40m%[0;1;30;90;43m@[0;1;33;93;43m%[0;1;30;90;43m8[0;1;30;90;41m%[0;33;5;43;103m;[0;37;5;43;103mXS[0;33;5;41;101m:@[0;1;31;91;43m8[0;33;5;41;101mS[0;31;5;41;101mS[0;1;33;93;43m.[0;37;5;43;103m@@S[0;31;40m@[0m     [0;31;40mS[0;33;5;43;103mS[0;37;5;43;103m@SX@[0;33;5;43;103m:[0;33;47m8[0;1;33;93;43m.[0;1;30;90;43m8[0;31;40m8[0m  
                [0;31;40m:[0;33;41mX[0;1;33;93;43mX[0;37;5;43;103mX[0;33;5;43;103m.[0;37;43mX[0;1;30;90;43mX[0;33;5;43;103mt[0;37;5;43;103m@[0;1;30;90;43m@@X[0;37;5;43;103mS[0;33;5;43;103m.[0;37;5;43;103m@[0;33;5;43;103m.[0;1;33;93;47m8[0;33;5;41;101m%S[0;1;31;91;43m8[0;33;5;41;101m:[0;37;5;43;103m@[0;33;5;43;103m [0;37;5;43;103mX[0;33;5;43;103m.%[0;35;41mt[0m   [0;32;40m [0;33;5;43;103mS[0;37;5;43;103m8[0;33;5;43;103m.[0;37;5;43;103mX[0;33;5;43;103m.[0;37;43m@[0;37;5;43;103mX[0;1;31;91;43m8[0;1;30;90;41m@[0m    
                 [0;34;40m [0;1;33;93;43mt[0;37;5;43;103m@[0;33;5;43;103m [0;37;5;43;103m@[0;33;5;43;103m [0;1;33;93;47m8[0;33;5;43;103m [0;37;5;43;103mX[0;33;5;43;103m [0;37;5;43;103mX[0;33;5;43;103m [0;33;47m8[0;33;5;43;103m [0;1;33;93;47m8[0;33;5;43;103m [0;37;5;43;103mX[0;33;5;43;103mt[0;1;33;93;43mt[0;37;5;43;103m8S[0;33;5;43;103m [0;33;47m8[0;37;5;43;103mS[0;1;33;93;43m:[0;1;31;91;41m8[0;30;41m8[0m  [0;31;40m [0;1;33;93;43m@[0;37;5;43;103m8[0;33;5;43;103m.[0;33;47m8[0;33;5;43;103m [0;1;31;91;5;43;103m8[0;33;5;40;100m8[0;31;40mX[0m     
                   [0;1;30;90;43m;[0;33;5;41;101m%[0;33;5;43;103m;[0;33;47m8[0;33;5;43;103m .[0;33;47m8[0;1;31;91;5;43;103m@[0;37;5;43;103m@[0;33;5;43;103m [0;37;5;43;103m@[0;1;31;91;5;43;103m8[0;33;5;43;103m:[0;1;31;91;43m8[0;1;33;93;43m.[0;37;5;41;101m8[0;1;30;90;43m8X[0;33;5;43;103m [0;1;31;91;47m8[0;33;5;43;103m [0;37;5;43;103mX[0;33;5;41;101m [0;1;31;91;43m8[0;1;30;90;41m8[0m    [0;1;30;90;43m%[0;33;5;43;103mt[0;37;5;43;103mX@X[0;31;43m8[0;1;30;90;43m@[0;31;40mt[0m    
                    [0;31;43mX[0;33;5;43;103m.[0;1;31;91;5;43;103m8[0;1;33;93;47m8[0;33;5;43;103m [0;37;5;43;103m@S[0;33;5;43;103m [0;1;31;91;47m8[0;33;5;43;103m [0;1;33;93;47m8[0;33;5;41;101m:[0;1;37;97;47m%.[0;37;5;43;103m8[0;1;31;91;43m8[0;1;30;90;43m8[0;33;5;43;103m;[0;37;5;43;103mX[0;33;5;43;103m [0;37;5;43;103m@X[0;33;5;43;103m;[0;1;30;90;43mX[0;1;30;90;41m8[0m   [0;34;40m [0;31;5;41;101m8[0;1;33;93;43m:[0;37;5;43;103mX[0;33;5;43;103m [0;37;5;43;103m@[0;1;30;90;43m%[0;31;40m%[0;32;40m.[0m   
                 [0;33;5;40;100m8[0;31;40m8[0;1;30;90;43mS[0;37;5;43;103mS@X[0;33;5;43;103m.[0;37;5;41;101m8[0;33;5;43;103m [0;37;5;43;103m@[0;33;5;43;103m.[0;37;5;43;103m@[0;33;5;43;103m.[0;37;5;43;103m@[0;1;30;90;43mS[0;31;43mt[0;33;5;43;103m:[0;33;47m8[0;37;5;43;103mSX[0;33;5;43;103m [0;33;47m8[0;33;5;43;103m  [0;33;47m8[0;1;33;93;5;41;101m8[0;33;5;43;103m.[0;1;30;90;41m8[0;32;40m.[0m [0;31;5;40;100mS[0;1;33;93;43m8[0;37;5;43;103m@[0;33;5;43;103m [0;31;43m8[0;1;30;90;43m8[0;1;30;90;41m%[0m      
               [0;31;5;40;100mX[0;33;47mX[0;33;5;43;103m.[0;37;5;43;103mS[0;33;5;43;103m:[0;33;5;41;101m;[0;37;5;43;103mX[0;33;5;43;103m:[0;1;33;93;47m8[0;33;5;43;103m [0;33;47m8[0;33;5;43;103m [0;1;31;91;47m8[0;33;5;43;103m [0;33;47m8[0;33;5;43;103m [0;37;5;43;103mX[0;1;31;91;43m8[0;1;30;90;43m8[0;31;43m@[0;1;30;90;43mX[0;33;5;41;101mX[0;33;5;43;103m:[0;37;5;43;103m@[0;33;5;41;101m [0;37;5;43;103m8[0;33;5;41;101m X[0;31;5;41;101mX[0;33;41mX[0;34;40m [0m [0;1;30;90;43m%[0;33;5;43;103mS[0;37;5;43;103m@[0;1;30;90;43m8[0;31;40m8[0m        
              [0;34;40m [0;33;5;40;100m8[0;1;33;93;43mS[0;1;33;93;47m8[0;1;33;93;43m:[0;33;5;40;100m8[0;1;30;90;43m@[0;37;5;43;103mS[0;33;5;43;103m.[0;37;43m@[0;37;5;43;103mS[0;1;31;91;5;43;103m@[0;37;5;43;103m@[0;33;5;43;103m [0;37;5;43;103m@[0;33;5;43;103m [0;37;5;41;101m@[0;37;5;43;103mSXS[0;33;5;43;103m [0;37;43mX[0;33;5;43;103m:[0;33;47m8[0;37;5;43;103m%@%[0;33;5;43;103m;[0;33;5;41;101mX[0;1;31;91;43m8[0;1;30;90;41m8[0;32;40m.[0;31;40mtt[0;31;5;41;101m8[0;1;33;93;43mS%[0;33;5;40;100m@[0;31;40m;[0m       
                [0;34;40m [0;31;40m;%;[0;1;30;90;43mS[0;33;5;43;103m.[0;1;33;93;47m8[0;33;5;43;103m [0;37;5;43;103mXS[0;33;5;43;103m [0;33;47m8[0;1;31;91;5;43;103m8[0;37;5;43;103m@[0;33;5;43;103m [0;37;5;43;103mX[0;33;5;43;103m [0;37;5;43;103m@[0;33;5;43;103m.[0;1;33;93;47m8[0;33;5;43;103m [0;1;31;91;5;43;103m8[0;37;5;43;103m@[0;33;5;43;103m [0;37;5;43;103m@XX[0;1;33;93;43mS[0;31;43m8[0;33;41mt[0;31;5;41;101m@[0;33;41m8X[0;31;40m8[0;34;40m%[0m         
                    [0;33;41m8[0;33;5;41;101mt[0;37;5;43;103mX[0;33;5;43;103m [0;1;33;93;5;41;101m8[0;37;5;43;103m8[0;33;5;43;103m [0;37;5;43;103m@S[0;33;5;43;103m [0;1;33;93;47m8[0;33;5;43;103m.[0;37;43m@[0;37;5;43;103mS[0;1;31;91;5;43;103m8[0;37;5;43;103m@@X[0;33;5;43;103m [0;33;47m8[0;33;5;43;103m :[0;37;5;43;103m8[0;1;30;90;43m@[0;31;40mtX@[0m             
                     [0;33;5;40;100m8[0;1;33;93;47m8[0;37;5;43;103m@X[0;33;5;43;103m.[0;33;47m8[0;1;31;91;5;43;103m@[0;37;5;43;103m@[0;33;5;43;103m.[0;1;31;91;43m8[0;37;5;43;103m888@[0;33;5;43;103m [0;1;33;93;43m.[0;37;5;43;103m8[0;33;5;43;103m [0;37;5;43;103mX[0;1;31;91;5;43;103m8[0;1;33;93;47m8[0;33;5;43;103m [0;1;30;90;41m8[0m                
                     [0;36;5;40;100m [0;37;5;47;107m.8[0;33;5;43;103m [0;33;47m8[0;33;5;43;103m [0;37;5;43;103m@[0;33;5;43;103m [0;1;33;93;47m8[0;37;5;43;103mX[0;33;5;43;103m [0;1;33;93;47m8[0;1;37;97;47mt[0;37;5;47;107m88[0;37;5;43;103m8[0;1;31;91;5;43;103m@[0;37;5;43;103m8XX[0;33;5;43;103m:[0;1;30;90;41m8[0;31;40mS[0m                
                      [0;1;30;90;40m@[0;1;37;97;47mS%[0;37;5;43;103m8[0;1;31;91;5;43;103m8[0;37;5;43;103m@[0;33;5;43;103m.[0;1;31;91;43m8[0;31;5;41;101m@[0;1;30;90;41m@[0;30;41m8@[0;33;5;40;100m8[0;1;37;97;47m;[0;37;5;47;107m8[0;1;33;93;47m8[0;33;5;41;101m:[0;33;5;43;103m;[0;1;30;90;43m8[0;31;40m8[0;34;40m:[0m                 
                       [0;1;30;90;43m%[0;33;5;41;101m.[0;33;5;43;103m [0;33;5;41;101m:[0;33;47m8[0;1;30;90;43m@[0m       [0;34;40m [0;1;30;90;43mt8[0;33;5;41;101m:[0;1;30;90;43m8[0;34;40m:[0m                  
                       [0;31;5;40;100mX[0;30;42m8[0;31;5;40;100m8[0;33;5;40;100m8[0;31;40m@[0m         [0;31;40mX[0;1;30;90;43mS[0;32;5;40;100mX[0;30;41m8[0m                   
