                                                            
                                                            
                                                            
                                                            
                                                            
                                                            
                                                            
                                                            
                                           [0;33;41mt%S[0m              
                    [0;33;41mt[0;30;41mX[0;31;5;41;101m8[0m                [0;1;31;91;41m8[0;31;5;40;100m@[0;31;40m@[0;32;40m:  [0;30;41mX[0m              
                    [0;1;30;90;41m8[0;32;43m@[0;1;30;90;43m%[0m              [0;33;5;40;100mt[0;37;5;40;100mX[0;1;33;93;47m8[0;1;37;97;47m8[0;33;5;43;103m:[0;30;41m@[0;31;40mS[0m                
                    [0;33;5;43;103m%%[0;37;5;43;103m@[0;1;30;90;43m%[0m            [0;33;5;40;100m [0;37;5;47;107m@S[0;37;5;43;103m8[0;33;5;43;103m ;[0;31;5;41;101m@[0;33;41m@[0m                
                  [0;31;5;41;101m@[0;1;37;97;47m.@[0;33;5;43;103m t[0;1;31;91;43m8[0;1;33;93;43mS[0;33;5;40;100m;;;;;[0;35;5;40;100m;[0m   [0;37;5;40;100mS[0;37;5;47;107mX;[0;37;5;43;103m8SSX[0;1;31;91;43m8[0;1;30;90;41m8[0m                 
                  [0;33;41m%[0;37;43m@[0;37;5;43;103mX[0;37;5;41;101m8[0;37;5;47;107mX[0;1;37;97;47m [0;1;33;93;47mS[0;37;5;47;107m8.%@[0;37;5;43;103m@[0;37;5;47;107mS[0;1;30;90;43m%%8[0;37;5;47;107m;[0;37;5;43;103mS8S[0;33;5;43;103m  [0;33;47m8[0;1;31;91;41m%[0m                  
                  [0;30;41m8[0;33;41m8[0;1;33;93;47mS[0;37;5;47;107m8.tS[0;1;37;97;5;43;103m8[0;37;5;43;103m8S[0;33;5;43;103m:[0;1;30;90;41m8[0;30;41m8[0;1;33;93;43m@[0;37;5;43;103mS[0;33;5;43;103m.:[0;37;5;43;103m8[0;33;5;43;103m [0;1;30;90;41m8[0;1;30;90;43m8[0;1;31;91;43m8[0;31;43m8[0m                   
                  [0;33;41mS[0;33;5;41;101mS[0;1;33;93;47m@[0;37;5;47;107m%[0;1;37;97;5;43;103m8[0;37;5;43;103m%[0;1;31;91;5;43;103mS[0;37;5;43;103m@%[0;1;31;91;43m8[0;34;40mS[0;1;30;90;47m:[0;1;30;90;40mX[0;34;40m.[0;1;30;90;43mX[0;33;5;43;103mt[0;1;33;93;47m8[0;33;5;43;103m [0;1;33;93;47m8[0;33;5;43;103m [0;1;30;90;43m8[0;30;41mX[0m         [0;33;5;40;100m. t[0m        
                 [0;30;41m8[0;1;30;90;47m:[0;33;5;40;100m;[0;1;31;91;43m8[0;33;5;43;103m [0;37;5;43;103mX[0;33;5;43;103m [0;37;5;43;103m8[0;1;31;91;5;43;103mX[0;37;5;43;103m@[0;33;5;43;103m;[0;1;30;90;43m8[0;31;40mS[0;32;40mt[0;1;30;90;43mS[0;1;33;93;43m%[0;37;5;43;103m8[0;33;5;43;103m [0;1;31;91;43m8[0;37;5;43;103m@X[0;1;33;93;43mt[0;37;43mX[0;30;41mS[0m       [0;34;40m [0;37;5;47;107m8.X[0;1;37;97;47mt[0;30;5;40;100m8[0;31;40m8[0m     
                 [0;31;40m8[0;32;40m%[0;31;40m@[0;1;30;90;43m8[0;1;33;93;43m%[0;1;30;90;41m@[0;33;5;43;103m;[0;37;5;43;103m8S[0;33;5;43;103m [0;1;33;93;47m8[0;33;5;43;103m [0;37;5;43;103mX[0;33;5;43;103m:[0;37;5;43;103mX[0;33;5;41;101m.[0;31;5;41;101m%%[0;37;5;43;103m@[0;33;5;43;103m [0;37;5;43;103m@[0;33;5;43;103m [0;1;30;90;43m8[0;31;40m%[0m       [0;31;40m@[0;37;5;43;103m8[0;1;33;93;47mS[0;37;5;47;107m:[0;37;5;43;103mS[0;37;5;47;107m%[0;37;5;43;103mS[0;1;30;90;43m%[0;30;41mX[0m   
                [0;33;41mX[0;33;5;43;103m%[0;1;30;90;43m8[0;33;5;43;103mS[0;37;5;43;103m@[0;1;33;93;43m%[0;33;5;40;100m8[0;1;30;90;41m@[0;33;41m8[0;1;30;90;43m8[0;37;5;43;103mX[0;1;31;91;43m8[0;1;30;90;43m8[0;33;5;43;103m:[0;33;47m8[0;33;5;41;101m [0;1;31;91;43m8[0;33;5;41;101mXX[0;31;5;41;101mS[0;1;33;93;43m;[0;1;30;90;43m8[0;1;30;90;45m8[0;1;37;97;47m [0;1;30;90;47m@[0;30;41m%[0m     [0;34;40m [0;33;5;43;103m@[0;1;37;97;47m8[0;37;5;43;103m%%[0;1;33;93;47mX[0;37;5;43;103m%[0;33;5;43;103m:%[0;1;30;90;43m8[0;31;40m;[0m  
                [0;31;40mt[0;31;5;41;101mS[0;37;5;43;103mSX[0;1;30;90;43mX[0;31;40m8[0;34;40m. [0;31;40mX@S[0;1;30;90;43m@[0;33;5;43;103m:[0;37;5;43;103m8[0;33;5;43;103m [0;37;5;43;103mX[0;33;5;43;103m;[0;31;5;41;101mX[0;1;33;93;43m;[0;37;5;43;103m@[0;1;30;90;41m@[0;1;37;97;47m;[0;37;5;43;103m%@[0;33;5;43;103m.[0;1;30;90;43m8[0;30;41m8[0m    [0;34;40m [0;33;5;43;103mS.[0;37;5;43;103mX[0;33;5;43;103m [0;37;5;43;103mX[0;33;5;43;103m [0;37;43m8[0;1;30;90;41m@X[0m   
                [0;33;41m%X[0;1;33;93;43mX[0;37;5;43;103mX[0;33;5;43;103m [0;37;43mX[0;1;30;90;43m%[0;30;41mt[0;31;5;41;101m8[0;30;41m8[0;1;30;90;43mS[0;33;5;43;103m%[0;1;33;93;47m8[0;33;5;43;103m [0;33;47m8[0;33;5;43;103m [0;37;5;43;103m8X[0;33;5;43;103m;[0;31;5;40;100m8[0;33;5;43;103mX[0;37;5;43;103mS@[0;33;5;43;103m [0;1;33;93;47m8[0;31;40mS[0;33;41m%[0m    [0;1;30;90;43m%[0;33;5;43;103mX[0;37;5;43;103m8[0;33;5;43;103m:[0;33;47m8[0;33;5;43;103m [0;1;33;93;47m8[0;30;41mX[0m     
                 [0;31;40m%[0;1;33;93;43m%[0;37;5;43;103m@[0;33;5;43;103m.[0;37;5;43;103m@[0;33;5;43;103m.[0;1;33;93;43m;[0;31;43m8[0;1;30;90;43m@[0;1;33;93;43mX[0;37;5;43;103m8[0;33;5;43;103m.[0;37;5;43;103m@[0;33;5;43;103m [0;33;47m8[0;33;5;43;103m [0;37;5;43;103mX[0;33;5;43;103m:[0;37;5;43;103m@[0;33;5;43;103m:[0;37;5;43;103m@[0;33;5;43;103m [0;37;43m@[0;33;41mS[0;1;30;90;43m%[0;33;41mS[0;1;30;90;41mS[0m  [0;31;40m [0;33;5;43;103mX[0;37;5;43;103m8[0;33;5;43;103m:[0;1;33;93;47m8[0;33;5;43;103m [0;1;33;93;5;41;101m8[0;33;5;40;100m8[0;33;41mt[0m     
                   [0;31;43m%[0;33;5;41;101m:[0;33;5;43;103mt[0;1;33;93;47m8[0;37;5;43;103mX[0;33;5;43;103m [0;37;5;43;103m@X[0;33;5;43;103m.[0;33;47m8[0;1;31;91;5;43;103m8[0;37;5;43;103m@[0;33;5;43;103m [0;1;33;93;5;41;101m8[0;37;5;43;103m8[0;33;5;43;103m:[0;33;47m8[0;33;5;43;103m [0;33;47m8[0;1;31;91;5;43;103m@[0;37;5;43;103mX[0;31;43m8[0;1;31;91;43m8[0;1;33;93;43m.[0;33;41m8[0m  [0;30;41mS[0;1;30;90;43m8[0;33;5;43;103m;[0;33;47m8[0;1;31;91;5;43;103m@[0;37;5;43;103m8X[0;1;30;90;43mtt[0;1;30;90;41mS[0m    
                    [0;31;43mX[0;33;5;43;103m:.[0;33;47m8[0;33;5;43;103m [0;37;5;43;103mX[0;33;5;43;103m.[0;33;47m8[0;33;5;43;103m [0;37;5;43;103m@[0;33;5;43;103m [0;1;33;93;47m8[0;37;5;43;103mX[0;33;5;43;103m.[0;33;47m8[0;1;31;91;5;43;103mX[0;37;5;43;103m@[0;33;5;43;103m [0;37;5;43;103m8[0;33;5;43;103m [0;37;5;43;103m8SS[0;1;33;93;43m;[0;31;43m8[0m   [0;1;30;90;43mt[0;33;5;41;101mS[0;33;5;43;103m;.[0;37;5;43;103m@[0;33;5;43;103m;[0;31;5;40;100m8[0;32;40m%[0;30;41m@[0m   
                  [0;30;41m8[0;1;30;90;43m%[0;33;5;43;103m;[0;33;47m8[0;37;5;43;103mS[0;1;31;91;5;43;103m@[0;37;5;43;103m8[0;33;5;43;103m [0;1;31;91;47m8[0;33;5;43;103m [0;37;5;43;103mX[0;1;31;91;5;43;103m8[0;37;5;43;103m8[0;33;5;43;103m [0;37;43m@[0;37;5;43;103mS[0;33;5;43;103m [0;37;5;43;103m@[0;33;5;43;103m [0;1;33;93;47m8[0;33;5;43;103m [0;37;43m@[0;33;5;43;103m [0;37;5;43;103mX[0;1;33;93;5;41;101m8[0;37;5;43;103mX[0;33;41m@[0;31;40m@[0m [0;1;30;90;43mt[0;1;33;93;43m%[0;37;5;43;103m@[0;37;43mX[0;1;30;90;43m8[0;1;31;91;43m8[0;1;30;90;41m8[0m      
                  [0;1;30;90;43mt@[0;1;31;91;5;43;103m8[0;37;5;43;103mX[0;33;5;43;103m [0;37;5;43;103m8[0;33;5;43;103m [0;33;47m8[0;33;5;43;103m [0;37;5;43;103mX[0;33;5;43;103m [0;1;33;93;47m8[0;33;5;43;103m [0;37;5;41;101m@[0;37;5;43;103m%[0;33;5;43;103m [0;1;33;93;47m8[0;1;31;91;5;43;103m8[0;37;5;43;103m@[0;1;31;91;5;43;103m8[0;37;5;43;103m@S[0;1;31;91;5;43;103m8[0;33;5;41;101m;S[0;31;5;41;101mS[0;1;30;90;41m8[0;31;40m%[0m [0;1;30;90;43m%[0;33;5;43;103m%[0;37;5;43;103mX[0;1;31;91;43m8[0;31;40m8[0m        
                 [0;31;40m%[0;33;5;43;103mX[0;1;30;90;43m88[0;37;5;43;103mS[0;33;5;43;103m [0;1;31;91;47m8[0;33;5;43;103m [0;37;5;43;103mX[0;1;31;91;5;43;103m8[0;37;5;43;103m8[0;33;5;43;103m [0;33;5;41;101m:[0;37;5;43;103mXSS[0;33;5;43;103m [0;37;5;43;103m@[0;33;5;43;103m [0;1;33;93;47m8[0;33;5;43;103m .[0;1;33;93;47m8[0;37;5;43;103mX[0;33;5;43;103m;[0;33;5;41;101mX[0;1;31;91;43m8[0;33;41m@[0;31;40m:8t[0;31;5;41;101m8[0;33;5;43;103m@[0;37;43m@[0;1;30;90;43mS[0;30;41m@[0m       
                [0;33;5;41;101m@[0;37;5;43;103mSX[0;33;41m8[0;1;30;90;43mX[0;33;5;43;103m [0;33;47m8[0;33;5;43;103m [0;37;5;43;103m@[0;33;5;43;103m [0;1;33;93;47m8[0;33;5;43;103m [0;33;47m8[0;37;5;43;103mSS[0;33;5;43;103m [0;33;47m8[0;1;31;91;5;43;103m8[0;37;5;43;103m@[0;33;5;43;103m.[0;1;31;91;43m8[0;37;5;43;103m8@[0;33;5;43;103m [0;37;43m@[0;37;5;43;103m@X[0;1;33;93;43mS[0;1;30;90;43m@[0;33;41m;[0;31;5;41;101m@[0;33;41m8[0;1;30;90;41m%S[0;33;41m%[0m         
                [0;1;30;90;41m8[0;33;5;43;103m@S[0;31;5;40;100mX[0;1;30;90;41m;[0;33;5;41;101m%[0;37;5;43;103mS[0;33;5;43;103m [0;33;47m8[0;1;31;91;5;43;103m8[0;37;5;43;103mX[0;33;5;43;103m [0;37;5;43;103mX[0;33;5;43;103m [0;37;5;43;103m@[0;33;5;43;103m [0;37;5;43;103mXX[0;33;5;43;103m [0;33;47m8[0;37;5;43;103mX[0;33;5;43;103m [0;37;5;41;101m@[0;37;5;43;103mS[0;33;5;43;103m [0;37;5;43;103mX[0;33;5;43;103m [0;31;5;40;100m8[0;31;40mX[0;30;41m@[0;1;30;90;41m8[0m             
                 [0;30;41m88[0;31;40m8[0;32;40m%[0;33;5;40;100m8[0;1;33;93;47m8[0;37;5;43;103mX[0;33;5;43;103m [0;37;5;43;103m@[0;33;5;43;103m [0;1;31;91;47m8[0;33;5;43;103m [0;33;47m8[0;33;5;43;103m [0;1;31;91;47m8[0;37;5;43;103mX[0;1;33;93;47m8[0;1;31;91;5;43;103m8[0;37;5;43;103mXSX[0;33;5;43;103m [0;37;5;43;103m@[0;33;5;43;103m [0;1;31;91;47m8[0;33;5;43;103m [0;33;5;40;100m8[0m                
                     [0;36;5;40;100m [0;37;5;47;107m.8[0;33;5;43;103m [0;33;47m8[0;33;5;43;103m [0;37;5;43;103mX[0;33;5;43;103m [0;1;31;91;5;43;103m8[0;37;5;43;103m8[0;33;5;43;103m [0;1;33;93;47m8[0;1;37;97;47mX[0;37;5;47;107mS8[0;37;5;43;103mS[0;33;5;43;103m [0;33;47m8[0;1;31;91;5;43;103m@[0;37;5;43;103m@[0;33;5;43;103m.[0;1;30;90;41m8@[0m                
                      [0;31;5;40;100m8[0;1;37;97;47m%%[0;37;5;43;103m8[0;1;33;93;5;41;101m8[0;37;5;43;103m8@[0;1;30;90;43m8[0;31;5;41;101m%[0;1;30;90;41m@[0;30;41mS[0;33;41mX[0;31;43m8[0;1;37;97;47mS%[0;33;47m8[0;33;5;43;103m [0;1;31;91;43m8[0;37;43m@[0;31;40m8t[0m                 
                       [0;1;30;90;43m%[0;33;5;41;101m.[0;33;5;43;103m.[0;33;5;41;101m;[0;1;33;93;43m8[0;33;5;40;100m8[0m       [0;31;40mt[0;1;30;90;41m@[0;1;30;90;43m@[0;1;31;91;5;43;103m8[0;1;30;90;43m8[0;31;40m:[0m                  
                       [0;31;5;40;100mX[0;1;30;90;42m8[0;30;41m8[0;33;5;40;100m@[0;1;30;90;41m8[0m         [0;1;30;90;41m8[0;33;41m8[0;30;5;40;100mX[0;30;41m8[0m                   
